     36 100
     30 101
     29 102
     21 103
     25 104
     30 105
     31 106
     44 107
     39 108
     30 109
     36 110
     28 111
     44 112
     36 113
     35 114
     37 115
     37 116
     29 117
     34 118
     29 119
     22 120
     39 121
     43 122
     33 123
     33 124
     32 125
     37 126
     47 127
     51 128
     41 129
     35 130
     39 131
     43 132
     30 133
     40 134
     30 135
     37 136
     34 137
     37 138
     36 139
     45 140
     31 141
     41 142
     36 143
     40 144
     36 145
     36 146
     35 147
     43 148
     28 149
     34 150
     41 151
     37 152
     43 153
     48 154
     62 155
     39 156
     52 157
     46 158
     46 159
     42 160
     50 161
     44 162
     51 163
     56 164
     50 165
     47 166
     49 167
     50 168
     49 169
     57 170
     44 171
     59 172
     61 173
     70 174
     48 175
     50 176
     45 177
     62 178
     42 179
     76 180
     67 181
     49 182
     64 183
     62 184
     72 185
     54 186
     67 187
     67 188
     60 189
     54 190
     60 191
     48 192
     57 193
     67 194
     60 195
     78 196
     83 197
     68 198
     65 199
     56 200
     69 201
     75 202
     72 203
     66 204
     68 205
     87 206
     83 207
     65 208
     70 209
     79 210
     78 211
     84 212
     80 213
     79 214
     93 215
     76 216
     84 217
     70 218
     74 219
     75 220
     95 221
     76 222
     80 223
     79 224
    105 225
    101 226
     88 227
     97 228
     82 229
     87 230
     99 231
     91 232
     87 233
     91 234
     79 235
     80 236
     83 237
     77 238
     90 239
     81 240
     93 241
     90 242
     86 243
     88 244
     97 245
    100 246
    144 247
    235 248
    701 249
   3539 250
   4182 251
